 &FCI NORB=  10,NELEC=14,MS2=0,
  ORBSYM=1,1,1,1,1,1,1,1,1,1,
  ISYM=1,
 &END
 2.308945338168579    1    1    1    1
 -6.504867740157981e-11    1    1    2    1
 2.308512644251635    1    1    2    2
 -0.1919860064688771    1    1    3    1
 3.685187945252492e-12    1    1    3    2
 0.7909727893253224    1    1    3    3
 -9.980959440565164e-12    1    1    4    1
 0.191134594351708    1    1    4    2
 6.064021574592281e-12    1    1    4    3
 0.6679574649320436    1    1    4    4
 0.689647781725428    1    1    5    5
 0.6896477817254275    1    1    6    6
 0.08357753437135973    1    1    7    1
 -9.467371637455991e-13    1    1    7    2
 0.06650518034606775    1    1    7    3
 -9.012658293440451e-12    1    1    7    4
 0.6866201527018383    1    1    7    7
 6.37740785057103e-12    1    1    8    5
 -7.416757044622884e-12    1    1    8    6
 0.7295419960395018    1    1    8    8
 7.417357802784494e-12    1    1    9    5
 6.377648991713477e-12    1    1    9    6
 0.7295419960395021    1    1    9    9
 7.716098483721767e-12    1    1   10    1
 -0.1317284446426468    1    1   10    2
 -8.108911809297798e-12    1    1   10    3
 -0.04843381496212862    1    1   10    4
 -6.848104467151727e-12    1    1   10    7
 0.8991450610968214    1    1   10   10
 -6.504810210735958e-11    2    1    1    1
 1.822669270001804    2    1    2    1
 6.502717824748888e-11    2    1    2    2
 3.553496787869603e-12    2    1    3    1
 -0.1991950811260686    2    1    3    2
 -4.624835453947024e-15    2    1    3    3
 0.1840256070796781    2    1    4    1
 3.280446456982742e-12    2    1    4    2
 -0.1699144134548733    2    1    4    3
 -7.34699292833472e-15    2    1    4    4
 1.075812583627608e-15    2    1    5    4
 1.101723934521932e-15    2    1    5    5
 1.667581273328107e-15    2    1    6    4
 1.78308527500526e-15    2    1    6    6
 -1.217985020425348e-12    2    1    7    1
 0.06823783121805201    2    1    7    2
 -1.218780163281387e-15    2    1    7    3
 0.2524557614598765    2    1    7    4
 3.639274142055568e-15    2    1    7    7
 -0.1787228283962779    2    1    8    5
 0.2078412347593605    2    1    8    6
 -7.577923287230798e-15    2    1    8    8
 -0.2078412347593608    2    1    9    5
 -0.1787228283962779    2    1    9    6
 1.788450435310338e-15    2    1    9    7
 -8.164632165558583e-15    2    1    9    9
 -0.1503203499487863    2    1   10    1
 -2.685389633869347e-12    2    1   10    2
 0.2272451490018875    2    1   10    3
 -1.841123884921833e-15    2    1   10    4
 1.342856567197702e-15    2    1   10    6
 0.1919025763102228    2    1   10    7
 -5.165326992184027e-15    2    1   10   10
 2.308512644251635    2    2    1    1
 6.502654544875238e-11    2    2    2    1
 2.30808126960851    2    2    2    2
 -0.1918625429576485    2    2    3    1
 -1.052823085920538e-11    2    2    3    2
 0.7910526318168953    2    2    3    3
 3.152657863571742e-12    2    2    4    1
 0.1910973044744366    2    2    4    2
 -6.062066291479696e-12    2    2    4    3
 0.6678998620782487    2    2    4    4
 0.6896909212794732    2    2    5    5
 0.6896909212794727    2    2    6    6
 0.08363828284579693    2    2    7    1
 3.924086102615971e-12    2    2    7    2
 0.06655613394293561    2    2    7    3
 9.004053119025067e-12    2    2    7    4
 0.6865605020365068    2    2    7    7
 -6.377205075033014e-12    2    2    8    5
 7.41595019114956e-12    2    2    8    6
 0.7295730701022139    2    2    8    8
 -7.415445559397059e-12    2    2    9    5
 -6.377102930891983e-12    2    2    9    6
 0.7295730701022144    2    2    9    9
 -3.015367635072843e-12    2    2   10    1
 -0.1315255678089261    2    2   10    2
 8.108461090329239e-12    2    2   10    3
 -0.04850699737062721    2    2   10    4
 6.846659001943382e-12    2    2   10    7
 0.8992165456744887    2    2   10   10
 -0.1919860064688771    3    1    1    1
 3.553568779714223e-12    3    1    2    1
 -0.1918625429576485    3    1    2    2
 0.03122109692751907    3    1    3    1
 4.7053652307695e-15    3    1    3    2
 0.002197090646925184    3    1    3    3
 9.24145215156853e-13    3    1    4    1
 -0.02579106084981021    3    1    4    2
 -1.490618508783101e-13    3    1    4    3
 -0.01265775011329997    3    1    4    4
 -0.001428721242928606    3    1    5    5
 -0.001428721242928606    3    1    6    6
 -0.006494374999513521    3    1    7    1
 8.454228866562451e-15    3    1    7    2
 0.007284492691645473    3    1    7    3
 2.515187998542421e-13    3    1    7    4
 -0.009051646059225368    3    1    7    7
 -1.045356309836121e-13    3    1    8    5
 1.215667071996548e-13    3    1    8    6
 -0.005982600921409574    3    1    8    8
 -1.215706503241734e-13    3    1    9    5
 -1.045304974493888e-13    3    1    9    6
 -0.005982600921409578    3    1    9    9
 -1.001719252307127e-12    3    1   10    1
 0.028318257504133    3    1   10    2
 9.216848673433043e-14    3    1   10    3
 -0.002940085423581862    3    1   10    4
 1.238902215734925e-13    3    1   10    7
 -0.00555539745137332    3    1   10   10
 3.685171788315203e-12    3    2    1    1
 -0.1991950811260686    3    2    2    1
 -1.052826626211176e-11    3    2    2    2
 4.713930398875904e-15    3    2    3    1
 0.03095037249225796    3    2    3    2
 4.044548599235865e-14    3    2    3    3
 -0.02599925850575938    3    2    4    1
 -9.238134449650726e-13    3    2    4    2
 0.008335576354023934    3    2    4    3
 -2.24175331338256e-13    3    2    4    4
 -2.434064820401618e-14    3    2    5    5
 -2.436348942461118e-14    3    2    6    6
 8.39668990601551e-15    3    2    7    1
 -0.006974169533395855    3    2    7    2
 1.299473720946029e-13    3    2    7    3
 -0.01407835065410264    3    2    7    4
 -1.605100610090221e-13    3    2    7    7
 0.005844212955499143    3    2    8    5
 -0.006796381009449659    3    2    8    6
 -1.052514458752983e-13    3    2    8    8
 0.006796381009449667    3    2    9    5
 0.00584421295549914    3    2    9    6
 -1.052303602264546e-13    3    2    9    9
 0.02782328858831795    3    2   10    1
 1.001562410242456e-12    3    2   10    2
 -0.005151461007709953    3    2   10    3
 -5.231991707699079e-14    3    2   10    4
 -0.006931463645367169    3    2   10    7
 -9.7931291854506e-14    3    2   10   10
 0.7909727893253224    3    3    1    1
 -4.546135094032741e-15    3    3    2    1
 0.7910526318168953    3    3    2    2
 0.002197090646925197    3    3    3    1
 4.046337286049501e-14    3    3    3    2
 0.7511586049125903    3    3    3    3
 -3.332307689935272e-13    3    3    4    1
 0.01853641997911408    3    3    4    2
 0.5129128251623651    3    3    4    4
 0.619586551333268    3    3    5    5
 0.6195865513332676    3    3    6    6
 0.02579589435627752    3    3    7    1
 4.571145275962645e-13    3    3    7    2
 0.1088995836892853    3    3    7    3
 -3.543114152230224e-15    3    3    7    4
 0.5434364544482905    3    3    7    7
 0.5979120233860988    3    3    8    8
 0.5979120233860993    3    3    9    9
 -3.984300704408286e-13    3    3   10    1
 0.02238521825001395    3    3   10    2
 -0.07308182412362854    3    3   10    4
 0.7267061021951786    3    3   10   10
 -9.980959754254977e-12    4    1    1    1
 0.1840256070796781    4    1    2    1
 3.152625993840355e-12    4    1    2    2
 9.2414512507966e-13    4    1    3    1
 -0.02599925850575938    4    1    3    2
 -3.332164699951033e-13    4    1    3    3
 0.02861071963890955    4    1    4    1
 -4.031407399825623e-15    4    1    4    2
 -0.004775724921350296    4    1    4    3
 -8.818967459214357e-14    4    1    4    4
 -1.411821456986642e-13    4    1    5    5
 -1.411755968215926e-13    4    1    6    6
 -5.350262073318204e-13    4    1    7    1
 0.01477244570535491    4    1    7    2
 -8.676577278295044e-14    4    1    7    3
 -0.002428193322019054    4    1    7    4
 -6.816695145411272e-14    4    1    7    7
 -0.001742608204273964    4    1    8    5
 0.002026522544031289    4    1    8    6
 -1.408831576997918e-13    4    1    8    8
 -0.002026522544031291    4    1    9    5
 -0.001742608204273963    4    1    9    6
 -1.408892712859534e-13    4    1    9    9
 -0.01477739496277487    4    1   10    1
 -9.745173550736418e-15    4    1   10    2
 0.01147703528647135    4    1   10    3
 1.329821078350756e-13    4    1   10    4
 0.001670500623364799    4    1   10    7
 -3.789867994543897e-13    4    1   10   10
 0.191134594351708    4    2    1    1
 3.280328816632863e-12    4    2    2    1
 0.1910973044744366    4    2    2    2
 -0.02579106084981022    4    2    3    1
 -9.238097911112209e-13    4    2    3    2
 0.01853641997911409    4    2    3    3
 -4.019512084039795e-15    4    2    4    1
 0.02881986578139864    4    2    4    2
 -8.45377073265749e-14    4    2    4    3
 0.004819881273930862    4    2    4    4
 0.007787436410226629    4    2    5    5
 0.007787436410226624    4    2    6    6
 0.01522300620153043    4    2    7    1
 5.353823663563188e-13    4    2    7    2
 0.004851692957432723    4    2    7    3
 -4.498330502889642e-14    4    2    7    4
 0.003691759061614613    4    2    7    7
 -3.024871113484172e-14    4    2    8    5
 3.517430494917237e-14    4    2    8    6
 0.007764206065731685    4    2    8    8
 -3.516819404941232e-14    4    2    9    5
 -3.024674312586268e-14    4    2    9    6
 0.007764206065731691    4    2    9    9
 -9.563010922074695e-15    4    2   10    1
 -0.01423205096049124    4    2   10    2
 2.040999209190913e-13    4    2   10    3
 -0.007450620102672363    4    2   10    4
 2.880532357160094e-14    4    2   10    7
 0.0210995523747472    4    2   10   10
 6.064041040671784e-12    4    3    1    1
 -0.1699144134548733    4    3    2    1
 -6.062001428981474e-12    4    3    2    2
 -1.490706521360764e-13    4    3    3    1
 0.008335576354023932    4    3    3    2
 -0.004775724921350277    4    3    4    1
 -8.454188216352491e-14    4    3    4    2
 0.05514081885982176    4    3    4    3
 3.641519796167387e-15    4    3    4    4
 -1.032592381275583e-15    4    3    5    5
 -1.27262037333456e-15    4    3    6    6
 -1.427910294374138e-14    4    3    7    1
 0.0008043918147737646    4    3    7    2
 -0.09213840625561436    4    3    7    4
 0.06212931585333806    4    3    8    5
 -0.07225173100484024    4    3    8    6
 2.340669756473291e-15    4    3    8    8
 0.07225173100484032    4    3    9    5
 0.06212931585333804    4    3    9    6
 2.562551527725823e-15    4    3    9    9
 0.008118739256741305    4    3   10    1
 1.447592779381762e-13    4    3   10    2
 -0.05874115909203456    4    3   10    3
 1.411414722808363e-15    4    3   10    4
 -0.0534375468211101    4    3   10    7
 0.6679574649320433    4    4    1    1
 -7.465512351193448e-15    4    4    2    1
 0.6678998620782488    4    4    2    2
 -0.01265775011329996    4    4    3    1
 -2.24151444392397e-13    4    4    3    2
 0.5129128251623652    4    4    3    3
 -8.819894505811327e-14    4    4    4    1
 0.004819881273930867    4    4    4    2
 3.679740636504777e-15    4    4    4    3
 0.5465084780302804    4    4    4    4
 0.5106764546724492    4    4    5    5
 0.5106764546724487    4    4    6    6
 -0.004271122496479528    4    4    7    1
 -7.964257625099501e-14    4    4    7    2
 -0.0007911388211684044    4    4    7    3
 -8.445697606898451e-15    4    4    7    4
 0.5582727165536655    4    4    7    7
 2.083766041629626e-15    4    4    8    5
 -2.631621429447138e-15    4    4    8    6
 0.5368727173724092    4    4    8    8
 3.055463834679261e-15    4    4    9    5
 2.222844651123308e-15    4    4    9    6
 0.5368727173724095    4    4    9    9
 2.9268130957458e-13    4    4   10    1
 -0.01633910234093074    4    4   10    2
 0.02018521073732005    4    4   10    4
 -2.978874739600041e-15    4    4   10    7
 0.5606171724795648    4    4   10   10
 0.00977153801671095    5    1    5    1
 9.581106892688517e-15    5    1    5    2
 0.01672026583134114    5    1    5    3
 1.997504635391101e-13    5    1    5    4
 -0.004870271459676834    5    1    7    5
 2.702025371790151e-13    5    1    8    1
 -0.007768764107080578    5    1    8    2
 1.324818026579525e-13    5    1    8    3
 0.01017873581315458    5    1    8    4
 -8.186952749361299e-14    5    1    8    7
 3.142383119135403e-13    5    1    9    1
 -0.009034489544836774    5    1    9    2
 1.540841523173371e-13    5    1    9    3
 0.01183710575016522    5    1    9    4
 -9.521428331324378e-14    5    1    9    7
 -1.539839122053209e-13    5    1   10    5
 -0.007323258637103524    5    1   10    8
 -0.008516400122221032    5    1   10    9
 9.580628449198542e-15    5    2    5    1
 0.009251313393068299    5    2    5    2
 2.989315743928453e-13    5    2    5    3
 -0.01121929887594625    5    2    5    4
 -8.730702686197847e-14    5    2    7    5
 -0.007381632408205258    5    2    8    1
 -2.704350881930272e-13    5    2    8    2
 -0.007431362963650448    5    2    8    3
 1.819071200061264e-13    5    2    8    4
 0.004599842047151255    5    2    8    7
 -0.008584284436565273    5    2    9    1
 -3.14482593864591e-13    5    2    9    2
 -0.008642117339847663    5    2    9    3
 2.115277982454727e-13    5    2    9    4
 0.005349271043641635    5    2    9    7
 0.008647446464229283    5    2   10    5
 -1.308014324017015e-13    5    2   10    8
 -1.521002985802645e-13    5    2   10    9
 0.01672026583134113    5    3    5    1
 2.98930781095445e-13    5    3    5    2
 0.1056532981333728    5    3    5    3
 -0.01402402633833673    5    3    7    5
 2.203122051800744e-13    5    3    8    1
 -0.01236021458729897    5    3    8    2
 0.04829412401316647    5    3    8    4
 2.562236663500715e-13    5    3    9    1
 -0.01437400182599383    5    3    9    2
 0.05616244134332005    5    3    9    4
 -0.04055755201924999    5    3   10    8
 -0.04716538880980172    5    3   10    9
 1.075812583627608e-15    5    4    2    1
 1.99752091025106e-13    5    4    5    1
 -0.01121929887594624    5    4    5    2
 0.05055325278886673    5    4    5    4
 0.008759030436622562    5    4    8    1
 1.565342010121306e-13    5    4    8    2
 0.02775073355523721    5    4    8    3
 -0.02559726976648027    5    4    8    7
 0.01018609495819936    5    4    9    1
 1.820192792657339e-13    5    4    9    2
 0.03227202019660208    5    4    9    3
 -0.02976770344601659    5    4    9    7
 -0.02392541659218936    5    4   10    5
 0.689647781725428    5    5    1    1
 1.14434131460229e-15    5    5    2    1
 0.6896909212794732    5    5    2    2
 -0.001428721242928619    5    5    3    1
 -2.436878356046468e-14    5    5    3    2
 0.619586551333268    5    5    3    3
 -1.41152426880847e-13    5    5    4    1
 0.007787436410226627    5    5    4    2
 0.5106764546724492    5    5    4    4
 0.5896781665901242    5    5    5    5
 0.5414415232864846    5    5    6    6
 0.009041969154645604    5    5    7    1
 1.579627323614751e-13    5    5    7    2
 0.0470780545838098    5    5    7    3
 0.5185263295988302    5    5    7    7
 -2.14507908625561e-15    5    5    8    5
 1.797609713836886e-15    5    5    8    6
 0.562008200878915    5    5    8    8
 -1.840383615840583e-15    5    5    9    5
 -1.594111572163334e-15    5    5    9    6
 0.02266814863375073    5    5    9    8
 0.5688771988647514    5    5    9    9
 -1.164154085988506e-13    5    5   10    1
 0.006556870399531369    5    5   10    2
 1.936597944891117e-15    5    5   10    3
 -0.04149746312884    5    5   10    4
 1.408661007280135e-15    5    5   10    7
 0.6216799926105256    5    5   10   10
 0.009771538016710943    6    1    6    1
 9.609268584978222e-15    6    1    6    2
 0.01672026583134113    6    1    6    3
 1.99716260842526e-13    6    1    6    4
 -0.00487027145967683    6    1    7    6
 -3.142285017673577e-13    6    1    8    1
 0.009034489544836762    6    1    8    2
 -1.54072544621574e-13    6    1    8    3
 -0.0118371057501652    6    1    8    4
 9.520812177713005e-14    6    1    8    7
 2.701999495040079e-13    6    1    9    1
 -0.007768764107080574    6    1    9    2
 1.324906325231099e-13    6    1    9    3
 0.01017873581315457    6    1    9    4
 -8.186524801113076e-14    6    1    9    7
 -1.53954418212067e-13    6    1   10    6
 0.008516400122221018    6    1   10    8
 -0.007323258637103522    6    1   10    9
 9.609589647463494e-15    6    2    6    1
 0.009251313393068292    6    2    6    2
 2.989682581550593e-13    6    2    6    3
 -0.01121929887594624    6    2    6    4
 -8.732340783952172e-14    6    2    7    6
 0.008584284436565262    6    2    8    1
 3.144937610321824e-13    6    2    8    2
 0.00864211733984765    6    2    8    3
 -2.115386799542895e-13    6    2    8    4
 -0.005349271043641629    6    2    8    7
 -0.007381632408205253    6    2    9    1
 -2.704383404080526e-13    6    2    9    2
 -0.007431362963650443    6    2    9    3
 1.819131661915234e-13    6    2    9    4
 0.004599842047151251    6    2    9    7
 0.008647446464229273    6    2   10    6
 1.521070842079519e-13    6    2   10    8
 -1.308060335988187e-13    6    2   10    9
 0.01672026583134113    6    3    6    1
 2.989683877923347e-13    6    3    6    2
 0.1056532981333727    6    3    6    3
 -0.01402402633833672    6    3    7    6
 -2.562143693164424e-13    6    3    8    1
 0.01437400182599382    6    3    8    2
 -0.05616244134332    6    3    8    4
 2.203226870085276e-13    6    3    9    1
 -0.01236021458729897    6    3    9    2
 0.04829412401316645    6    3    9    4
 0.04716538880980169    6    3   10    8
 -0.04055755201924997    6    3   10    9
 1.667581273328108e-15    6    4    2    1
 1.99716792710478e-13    6    4    6    1
 -0.01121929887594623    6    4    6    2
 0.05055325278886669    6    4    6    4
 1.198124115877813e-15    6    4    7    4
 -0.01018609495819935    6    4    8    1
 -1.820317580584446e-13    6    4    8    2
 -0.03227202019660203    6    4    8    3
 0.02976770344601655    6    4    8    7
 0.008759030436622562    6    4    9    1
 1.565364917940244e-13    6    4    9    2
 0.0277507335552372    6    4    9    3
 -0.02559726976648025    6    4    9    7
 -0.02392541659218934    6    4   10    6
 0.02411832165181967    6    5    6    5
 -0.02266814863375049    6    5    8    8
 -0.003434498992918043    6    5    9    8
 0.02266814863375069    6    5    9    9
 0.6896477817254275    6    6    1    1
 1.804105441614032e-15    6    6    2    1
 0.6896909212794727    6    6    2    2
 -0.001428721242928603    6    6    3    1
 -2.437969641916607e-14    6    6    3    2
 0.6195865513332677    6    6    3    3
 -1.41172146897294e-13    6    6    4    1
 0.007787436410226614    6    6    4    2
 -1.305992766662146e-15    6    6    4    3
 0.5106764546724487    6    6    4    4
 0.5414415232864845    6    6    5    5
 0.5896781665901234    6    6    6    6
 0.009041969154645597    6    6    7    1
 1.579511231999875e-13    6    6    7    2
 0.04707805458380981    6    6    7    3
 0.5185263295988298    6    6    7    7
 -1.983252466971773e-15    6    6    8    5
 2.629066577129399e-15    6    6    8    6
 0.5688771988647506    6    6    8    8
 -1.683484205934243e-15    6    6    9    5
 -2.22627376636891e-15    6    6    9    6
 -0.02266814863375027    6    6    9    8
 0.5620082008789149    6    6    9    9
 -1.1645392740059e-13    6    6   10    1
 0.006556870399531364    6    6   10    2
 2.259925231117951e-15    6    6   10    3
 -0.04149746312883975    6    6   10    4
 1.543247164223241e-15    6    6   10    7
 0.6216799926105248    6    6   10   10
 0.08357753437135973    7    1    1    1
 -1.218051687644667e-12    7    1    2    1
 0.08363828284579695    7    1    2    2
 -0.006494374999513527    7    1    3    1
 8.394175681875582e-15    7    1    3    2
 0.02579589435627753    7    1    3    3
 -5.35027275193035e-13    7    1    4    1
 0.01522300620153044    7    1    4    2
 -1.427076824207707e-14    7    1    4    3
 -0.004271122496479521    7    1    4    4
 0.009041969154645595    7    1    5    5
 0.009041969154645588    7    1    6    6
 0.01429514750785672    7    1    7    1
 1.793796727888516e-14    7    1    7    2
 0.01236395137337561    7    1    7    3
 2.661859385380036e-13    7    1    7    4
 -0.002705277651457869    7    1    7    7
 -4.476934195518133e-14    7    1    8    5
 5.205897347344187e-14    7    1    8    6
 0.005365704311731744    7    1    8    8
 -5.205440000500275e-14    7    1    9    5
 -4.476233888056673e-14    7    1    9    6
 0.005365704311731749    7    1    9    9
 -2.012360351755922e-13    7    1   10    1
 0.006198426926623675    7    1   10    2
 -1.929478680364454e-13    7    1   10    3
 -0.01215608687339747    7    1   10    4
 6.131015027233298e-14    7    1   10    7
 0.02293768608176299    7    1   10   10
 -9.466932518477879e-13    7    2    1    1
 0.06823783121805202    7    2    2    1
 3.924096387260819e-12    7    2    2    2
 8.445661371721484e-15    7    2    3    1
 -0.006974169533395858    7    2    3    2
 4.571100604186974e-13    7    2    3    3
 0.0147724457053549    7    2    4    1
 5.353844654033139e-13    7    2    4    2
 0.0008043918147737615    7    2    4    3
 -7.964142883847143e-14    7    2    4    4
 1.579498890548482e-13    7    2    5    5
 1.579401891460474e-13    7    2    6    6
 1.793904644099754e-14    7    2    7    1
 0.01331359620910615    7    2    7    2
 2.206803758900698e-13    7    2    7    3
 -0.01497135205333258    7    2    7    4
 -5.245351131964788e-14    7    2    7    7
 0.00253002601937017    7    2    8    5
 -0.002942230360596493    7    2    8    6
 9.226515788249263e-14    7    2    8    8
 0.002942230360596496    7    2    9    5
 0.002530026019370169    7    2    9    6
 9.227382582999463e-14    7    2    9    9
 0.005082987838576002    7    2   10    1
 2.013383069801703e-13    7    2   10    2
 0.01080999589551531    7    2   10    3
 -2.172064041244742e-13    7    2   10    4
 -0.003463161950819104    7    2   10    7
 4.057649987888839e-13    7    2   10   10
 0.06650518034606774    7    3    1    1
 -1.170164237399466e-15    7    3    2    1
 0.06655613394293559    7    3    2    2
 0.007284492691645476    7    3    3    1
 1.299406728003976e-13    7    3    3    2
 0.1088995836892853    7    3    3    3
 -8.676745961512803e-14    7    3    4    1
 0.004851692957432716    7    3    4    2
 -0.0007911388211683962    7    3    4    4
 0.04707805458380983    7    3    5    5
 0.0470780545838098    7    3    6    6
 0.01236395137337561    7    3    7    1
 2.206798694460055e-13    7    3    7    2
 0.0510281385408354    7    3    7    3
 0.01644291739775892    7    3    7    7
 0.02933352284571842    7    3    8    8
 0.02933352284571844    7    3    9    9
 -2.98424639000573e-13    7    3   10    1
 0.01673694685504101    7    3   10    2
 -0.02897008429106096    7    3   10    4
 0.08736549710933035    7    3   10   10
 -9.012706470984544e-12    7    4    1    1
 0.2524557614598764    7    4    2    1
 9.004086265445155e-12    7    4    2    2
 2.515210703389443e-13    7    4    3    1
 -0.01407835065410263    7    4    3    2
 -3.528112646839378e-15    7    4    3    3
 -0.002428193322019061    7    4    4    1
 -4.49826336764393e-14    7    4    4    2
 -0.09213840625561436    7    4    4    3
 -8.390828980411965e-15    7    4    4    4
 1.198124115877813e-15    7    4    6    4
 2.661840544639221e-13    7    4    7    1
 -0.01497135205333258    7    4    7    2
 0.2247877435929492    7    4    7    4
 1.016778441508133e-15    7    4    7    7
 -0.1027355267081282    7    4    8    5
 0.1194737063881164    7    4    8    6
 -5.432668117605572e-15    7    4    8    8
 -0.1194737063881166    7    4    9    5
 -0.1027355267081282    7    4    9    6
 1.274195282496971e-15    7    4    9    7
 -5.772062978934487e-15    7    4    9    9
 -0.02637617297201094    7    4   10    1
 -4.71208593569213e-13    7    4   10    2
 0.05789789754194215    7    4   10    3
 -2.409881243275379e-15    7    4   10    4
 0.1240040503308823    7    4   10    7
 -3.37093133278692e-15    7    4   10   10
 -0.004870271459676834    7    5    5    1
 -8.73064712336108e-14    7    5    5    2
 -0.01402402633833673    7    5    5    3
 0.02809930477508731    7    5    7    5
 -7.25427498733937e-14    7    5    8    1
 0.004076207782981764    7    5    8    2
 -0.02455786168818736    7    5    8    4
 -8.436880553782976e-14    7    5    9    1
 0.004740323697609354    7    5    9    2
 -0.0285589498673621    7    5    9    4
 -5.19413183690448e-05    7    5   10    8
 -6.04038546263076e-05    7    5   10    9
 -0.00487027145967683    7    6    6    1
 -8.732331205636665e-14    7    6    6    2
 -0.01402402633833672    7    6    6    3
 0.02809930477508729    7    6    7    6
 8.436234628592638e-14    7    6    8    1
 -0.004740323697609349    7    6    8    2
 0.02855894986736207    7    6    8    4
 -7.253960945405029e-14    7    6    9    1
 0.004076207782981762    7    6    9    2
 -0.02455786168818735    7    6    9    4
 6.040385462630458e-05    7    6   10    8
 -5.194131836904382e-05    7    6   10    9
 0.6866201527018381    7    7    1    1
 3.582353449536549e-15    7    7    2    1
 0.6865605020365068    7    7    2    2
 -0.009051646059225343    7    7    3    1
 -1.605083346050816e-13    7    7    3    2
 0.5434364544482905    7    7    3    3
 -6.818277814102176e-14    7    7    4    1
 0.003691759061614596    7    7    4    2
 0.5582727165536655    7    7    4    4
 0.51852632959883    7    7    5    5
 0.5185263295988297    7    7    6    6
 -0.002705277651457884    7    7    7    1
 -5.245753815536451e-14    7    7    7    2
 0.0164429173977589    7    7    7    3
 0.5858705415304053    7    7    7    7
 -2.190044247004164e-15    7    7    8    5
 2.331988244398193e-15    7    7    8    6
 0.5416631930396203    7    7    8    8
 -1.912941877769779e-15    7    7    9    5
 -2.059747804122435e-15    7    7    9    6
 0.5416631930396206    7    7    9    9
 2.177231145070161e-13    7    7   10    1
 -0.01220337780930545    7    7   10    2
 1.85889933964802e-15    7    7   10    3
 0.02786584662171866    7    7   10    4
 2.52305952568035e-15    7    7   10    7
 0.5950733227894135    7    7   10   10
 2.702013856680029e-13    8    1    5    1
 -0.007381632408205255    8    1    5    2
 2.203130487224961e-13    8    1    5    3
 0.008759030436622564    8    1    5    4
 -3.142260377707983e-13    8    1    6    1
 0.008584284436565261    8    1    6    2
 -2.562147487063226e-13    8    1    6    3
 -0.01018609495819935    8    1    6    4
 -7.254183591877356e-14    8    1    7    5
 8.436233431249007e-14    8    1    7    6
 0.01387401613015087    8    1    8    1
 -1.24074250730479e-14    8    1    8    2
 0.01342755719270155    8    1    8    3
 3.312080311992266e-13    8    1    8    4
 -0.008671372128197416    8    1    8    7
 -0.006502307512260453    8    1   10    5
 0.007561695583379787    8    1   10    6
 -2.272875783086922e-13    8    1   10    8
 -0.007768764107080578    8    2    5    1
 -2.704359865508234e-13    8    2    5    2
 -0.01236021458729898    8    2    5    3
 1.565335432068392e-13    8    2    5    4
 0.009034489544836766    8    2    6    1
 3.144949698659386e-13    8    2    6    2
 0.01437400182599382    8    2    6    3
 -1.820332784174903e-13    8    2    6    4
 0.004076207782981765    8    2    7    5
 -0.00474032369760935    8    2    7    6
 -1.240796520578409e-14    8    2    8    1
 0.0145678455684654    8    2    8    2
 2.395802199382265e-13    8    2    8    3
 -0.01856692769748403    8    2    8    4
 -1.550579467713629e-13    8    2    8    7
 -1.16123145246023e-13    8    2   10    5
 1.350388043124981e-13    8    2   10    6
 0.01274130437042393    8    2   10    8
 1.324818310717519e-13    8    3    5    1
 -0.007431362963650448    8    3    5    2
 0.02775073355523722    8    3    5    4
 -1.540738125295292e-13    8    3    6    1
 0.008642117339847651    8    3    6    2
 -0.03227202019660204    8    3    6    4
 0.01342755719270155    8    3    8    1
 2.395824693636009e-13    8    3    8    2
 0.04394846770936874    8    3    8    3
 1.446027285306942e-15    8    3    8    4
 -0.02504544938739828    8    3    8    7
 -0.02224717910190228    8    3   10    5
 0.0258717994558568    8    3   10    6
 0.01017873581315457    8    4    5    1
 1.819064600249222e-13    8    4    5    2
 0.04829412401316648    8    4    5    3
 -0.0118371057501652    8    4    6    1
 -2.115396594790872e-13    8    4    6    2
 -0.05616244134332    8    4    6    3
 -0.02455786168818736    8    4    7    5
 0.02855894986736207    8    4    7    6
 3.312096151768231e-13    8    4    8    1
 -0.01856692769748403    8    4    8    2
 1.447738475248854e-15    8    4    8    3
 0.08237567601741365    8    4    8    4
 -0.03633330601470487    8    4   10    8
 6.377470311053479e-12    8    5    1    1
 -0.1787228283962779    8    5    2    1
 -6.377196192443464e-12    8    5    2    2
 -1.045365905588891e-13    8    5    3    1
 0.005844212955499139    8    5    3    2
 -0.001742608204273964    8    5    4    1
 -3.023314855108225e-14    8    5    4    2
 0.06212931585333804    8    5    4    3
 2.131838904863215e-15    8    5    4    4
 -2.154775184792e-15    8    5    5    5
 -1.973417808122054e-15    8    5    6    6
 -4.476750174812763e-14    8    5    7    1
 0.00253002601937017    8    5    7    2
 -0.1027355267081282    8    5    7    4
 -2.192044050440165e-15    8    5    7    7
 0.09028212371095941    8    5    8    5
 -0.08295004577105507    8    5    8    6
 1.67418911825039e-15    8    5    8    8
 0.08295004577105505    8    5    9    5
 0.05237548523721865    8    5    9    6
 1.451097118667618e-15    8    5    9    9
 0.006506917648613206    8    5   10    1
 1.163109377076738e-13    8    5   10    2
 -0.06669079621879008    8    5   10    3
 -0.05929228695214044    8    5   10    7
 -7.416764983526085e-12    8    6    1    1
 0.2078412347593605    8    6    2    1
 7.41592001498652e-12    8    6    2    2
 1.215565737307752e-13    8    6    3    1
 -0.006796381009449662    8    6    3    2
 0.002026522544031294    8    6    4    1
 3.51770711938423e-14    8    6    4    2
 -0.07225173100484021    8    6    4    3
 -2.689812198937808e-15    8    6    4    4
 1.825239108834907e-15    8    6    5    5
 2.629643947069401e-15    8    6    6    6
 5.206092516022764e-14    8    6    7    1
 -0.002942230360596489    8    6    7    2
 0.1194737063881164    8    6    7    4
 2.348783726416872e-15    8    6    7    7
 -0.08295004577105507    8    6    8    5
 0.1154179963634806    8    6    8    6
 -2.123155939372035e-15    8    6    8    8
 -0.07751135788974027    8    6    9    5
 -0.08295004577105494    8    6    9    6
 -1.949322825751957e-15    8    6    9    9
 -0.007567056825928177    8    6   10    1
 -1.352774654941651e-13    8    6   10    2
 0.07755639029203555    8    6   10    3
 -1.144040442317307e-15    8    6   10    4
 0.06895247933585094    8    6   10    7
 -8.18688448037932e-14    8    7    5    1
 0.004599842047151255    8    7    5    2
 -0.02559726976648027    8    7    5    4
 9.520886769950914e-14    8    7    6    1
 -0.005349271043641629    8    7    6    2
 0.02976770344601655    8    7    6    4
 -0.008671372128197418    8    7    8    1
 -1.550617478144862e-13    8    7    8    2
 -0.02504544938739828    8    7    8    3
 0.0384527056918364    8    7    8    7
 0.003098579610379219    8    7   10    5
 -0.003603415512166363    8    7   10    6
 0.7295419960395015    8    8    1    1
 -7.608269284339138e-15    8    8    2    1
 0.7295730701022138    8    8    2    2
 -0.005982600921409572    8    8    3    1
 -1.052645737836117e-13    8    8    3    2
 0.5979120233860988    8    8    3    3
 -1.409047284258712e-13    8    8    4    1
 0.007764206065731671    8    8    4    2
 2.369538498558143e-15    8    8    4    3
 0.536872717372409    8    8    4    4
 0.5620082008789151    8    8    5    5
 -0.02266814863375053    8    8    6    5
 0.5688771988647506    8    8    6    6
 0.005365704311731742    8    8    7    1
 9.225567782282554e-14    8    8    7    2
 0.02933352284571844    8    8    7    3
 -5.436826982966336e-15    8    8    7    4
 0.5416631930396204    8    8    7    7
 1.634226870334172e-15    8    8    8    5
 -2.107480790477579e-15    8    8    8    6
 0.6061618380384998    8    8    8    8
 2.115801191830936e-15    8    8    9    5
 1.463126762982816e-15    8    8    9    6
 0.5558972234044226    8    8    9    9
 7.425304809561483e-15    8    8   10    1
 -0.0003666706514219034    8    8   10    2
 -1.329087378872037e-15    8    8   10    3
 -0.02816635551512383    8    8   10    4
 -1.589557446972712e-15    8    8   10    7
 0.623019647797301    8    8   10   10
 3.142366584328052e-13    9    1    5    1
 -0.008584284436565271    9    1    5    2
 2.562254924066064e-13    9    1    5    3
 0.01018609495819936    9    1    5    4
 2.702002378542997e-13    9    1    6    1
 -0.007381632408205255    9    1    6    2
 2.203225324752157e-13    9    1    6    3
 0.00875903043662256    9    1    6    4
 -8.436879889338808e-14    9    1    7    5
 -7.253903716245542e-14    9    1    7    6
 0.01387401613015088    9    1    9    1
 -1.243262065170237e-14    9    1    9    2
 0.01342755719270156    9    1    9    3
 3.312429784056616e-13    9    1    9    4
 -0.008671372128197423    9    1    9    7
 -0.007561695583379792    9    1   10    5
 -0.006502307512260448    9    1   10    6
 -2.273167704986152e-13    9    1   10    9
 -0.009034489544836774    9    2    5    1
 -3.144854608783267e-13    9    2    5    2
 -0.01437400182599383    9    2    5    3
 1.820185476996143e-13    9    2    5    4
 -0.007768764107080576    9    2    6    1
 -2.704409942096076e-13    9    2    6    2
 -0.01236021458729897    9    2    6    3
 1.565365789729221e-13    9    2    6    4
 0.004740323697609353    9    2    7    5
 0.004076207782981762    9    2    7    6
 -1.243337432136995e-14    9    2    9    1
 0.01456784556846541    9    2    9    2
 2.39545362488412e-13    9    2    9    3
 -0.01856692769748403    9    2    9    4
 -1.550439216533996e-13    9    2    9    7
 -1.350263214882278e-13    9    2   10    5
 -1.161232032870781e-13    9    2   10    6
 0.01274130437042393    9    2   10    9
 1.540840285045231e-13    9    3    5    1
 -0.00864211733984766    9    3    5    2
 0.03227202019660207    9    3    5    4
 1.32490407276133e-13    9    3    6    1
 -0.007431362963650444    9    3    6    2
 0.0277507335552372    9    3    6    4
 0.01342755719270156    9    3    9    1
 2.395474363514965e-13    9    3    9    2
 0.04394846770936876    9    3    9    3
 1.580120533070839e-15    9    3    9    4
 -0.0250454493873983    9    3    9    7
 -0.02587179945585683    9    3   10    5
 -0.02224717910190227    9    3   10    6
 0.01183710575016521    9    4    5    1
 2.115273320249674e-13    9    4    5    2
 0.05616244134332006    9    4    5    3
 0.01017873581315457    9    4    6    1
 1.819108532573763e-13    9    4    6    2
 0.04829412401316647    9    4    6    3
 -0.0285589498673621    9    4    7    5
 -0.02455786168818735    9    4    7    6
 3.312432389966974e-13    9    4    9    1
 -0.01856692769748404    9    4    9    2
 1.577842735947114e-15    9    4    9    3
 0.08237567601741368    9    4    9    4
 -0.03633330601470486    9    4   10    9
 7.41733752813422e-12    9    5    1    1
 -0.2078412347593607    9    5    2    1
 -7.415332691601407e-12    9    5    2    2
 -1.2157342560007e-13    9    5    3    1
 0.006796381009449665    9    5    3    2
 -0.002026522544031286    9    5    4    1
 -3.515446967766699e-14    9    5    4    2
 0.07225173100484031    9    5    4    3
 3.082084765031692e-15    9    5    4    4
 -1.821394887527596e-15    9    5    5    5
 -1.7148329290723e-15    9    5    6    6
 -5.204984171257587e-14    9    5    7    1
 0.002942230360596497    9    5    7    2
 -0.1194737063881166    9    5    7    4
 -1.943580707221384e-15    9    5    7    7
 0.08295004577105505    9    5    8    5
 -0.07751135788974026    9    5    8    6
 2.057059569665668e-15    9    5    8    8
 0.1154179963634809    9    5    9    5
 0.08295004577105514    9    5    9    6
 2.93462097592707e-15    9    5    9    9
 0.007567056825928171    9    5   10    1
 1.352624149579641e-13    9    5   10    2
 -0.07755639029203566    9    5   10    3
 1.123217914411517e-15    9    5   10    4
 -0.06895247933585101    9    5   10    7
 6.377640240951818e-12    9    6    1    1
 -0.1787228283962778    9    6    2    1
 -6.377031985597129e-12    9    6    2    2
 -1.045211171481944e-13    9    6    3    1
 0.005844212955499142    9    6    3    2
 -0.001742608204273972    9    6    4    1
 -3.024269212094873e-14    9    6    4    2
 0.06212931585333803    9    6    4    3
 2.259281892119696e-15    9    6    4    4
 -1.610262652211721e-15    9    6    5    5
 -2.283545506150229e-15    9    6    6    6
 -4.476315281703753e-14    9    6    7    1
 0.002530026019370165    9    6    7    2
 -0.1027355267081282    9    6    7    4
 -2.075261495317894e-15    9    6    7    7
 0.05237548523721863    9    6    8    5
 -0.0829500457710549    9    6    8    6
 1.436870728452624e-15    9    6    8    8
 0.08295004577105514    9    6    9    5
 0.09028212371095934    9    6    9    6
 2.102476557860721e-15    9    6    9    9
 0.006506917648613224    9    6   10    1
 1.163326092233766e-13    9    6   10    2
 -0.06669079621879007    9    6   10    3
 -0.05929228695214035    9    6   10    7
 1.788450435310338e-15    9    7    2    1
 -9.521491322050925e-14    9    7    5    1
 0.005349271043641635    9    7    5    2
 -0.02976770344601658    9    7    5    4
 -8.186531813742584e-14    9    7    6    1
 0.004599842047151253    9    7    6    2
 -0.02559726976648026    9    7    6    4
 1.274195282496971e-15    9    7    7    4
 -0.008671372128197423    9    7    9    1
 -1.5504657994585e-13    9    7    9    2
 -0.0250454493873983    9    7    9    3
 0.03845270569183642    9    7    9    7
 0.003603415512166367    9    7   10    5
 0.003098579610379215    9    7   10    6
 0.02266814863375078    9    8    5    5
 -0.003434498992918054    9    8    6    5
 -0.02266814863375028    9    8    6    6
 0.0251323073170386    9    8    9    8
 0.729541996039502    9    9    1    1
 -8.323517457527826e-15    9    9    2    1
 0.7295730701022142    9    9    2    2
 -0.005982600921409587    9    9    3    1
 -1.052067024430948e-13    9    9    3    2
 0.5979120233860992    9    9    3    3
 -1.409114026711242e-13    9    9    4    1
 0.007764206065731704    9    9    4    2
 2.586798615161426e-15    9    9    4    3
 0.5368727173724094    9    9    4    4
 0.5688771988647513    9    9    5    5
 0.02266814863375064    9    9    6    5
 0.562008200878915    9    9    6    6
 0.005365704311731749    9    9    7    1
 9.226784161314631e-14    9    9    7    2
 0.02933352284571846    9    9    7    3
 -5.831870429666528e-15    9    9    7    4
 0.5416631930396206    9    9    7    7
 1.344090601513302e-15    9    9    8    5
 -1.955061679308651e-15    9    9    8    6
 0.5558972234044227    9    9    8    8
 2.948404536446985e-15    9    9    9    5
 2.146261331450448e-15    9    9    9    6
 0.6061618380385004    9    9    9    9
 7.434465977226888e-15    9    9   10    1
 -0.0003666706514218961    9    9   10    2
 -1.653276427331734e-15    9    9   10    3
 -0.02816635551512396    9    9   10    4
 -1.55996743271035e-15    9    9   10    7
 0.6230196477973016    9    9   10   10
 7.716078833493196e-12   10    1    1    1
 -0.1503203499487863   10    1    2    1
 -3.015314916540665e-12   10    1    2    2
 -1.00170703068392e-12   10    1    3    1
 0.02782328858831795   10    1    3    2
 -3.984001367546385e-13   10    1    3    3
 -0.01477739496277486   10    1    4    1
 -9.566538521660763e-15   10    1    4    2
 0.008118739256741321   10    1    4    3
 2.92661347871366e-13   10    1    4    4
 -1.163847841905401e-13   10    1    5    5
 -1.164100013992088e-13   10    1    6    6
 -2.012377568594193e-13   10    1    7    1
 0.005082987838576008   10    1    7    2
 -2.984351556078538e-13   10    1    7    3
 -0.02637617297201095   10    1    7    4
 2.176801438740129e-13   10    1    7    7
 0.006506917648613207   10    1    8    5
 -0.00756705682592817   10    1    8    6
 7.391418089281547e-15   10    1    8    8
 0.007567056825928178   10    1    9    5
 0.006506917648613205   10    1    9    6
 7.414448982951538e-15   10    1    9    9
 0.03625022216960733   10    1   10    1
 -2.027217313658895e-14   10    1   10    2
 0.005768416614283345   10    1   10    3
 2.444692471959129e-13   10    1   10    4
 -0.009646413187425557   10    1   10    7
 -2.384192235767479e-13   10    1   10   10
 -0.1317284446426468   10    2    1    1
 -2.685248519300178e-12   10    2    2    1
 -0.1315255678089262   10    2    2    2
 0.028318257504133   10    2    3    1
 1.001561851495691e-12   10    2    3    2
 0.02238521825001395   10    2    3    3
 -9.742990326840192e-15   10    2    4    1
 -0.01423205096049123   10    2    4    2
 1.447524392243689e-13   10    2    4    3
 -0.01633910234093073   10    2    4    4
 0.006556870399531381   10    2    5    5
 0.006556870399531376   10    2    6    6
 0.006198426926623687   10    2    7    1
 2.013434598625676e-13   10    2    7    2
 0.01673694685504099   10    2    7    3
 -4.712253029797605e-13   10    2    7    4
 -0.01220337780930547   10    2    7    7
 1.163117927373026e-13   10    2    8    5
 -1.35265984855842e-13   10    2    8    6
 -0.0003666706514219037   10    2    8    8
 1.352668858467846e-13   10    2    9    5
 1.16322212984135e-13   10    2    9    6
 -0.0003666706514219037   10    2    9    9
 -2.027948137978041e-14   10    2   10    1
 0.03738440290180813   10    2   10    2
 1.027502686898678e-13   10    2   10    3
 -0.01370000438244255   10    2   10    4
 -1.725234047816395e-13   10    2   10    7
 0.01341084875735204   10    2   10   10
 -8.10885255703742e-12   10    3    1    1
 0.2272451490018874   10    3    2    1
 8.108439064428691e-12   10    3    2    2
 9.217620578673609e-14   10    3    3    1
 -0.005151461007709945   10    3    3    2
 0.01147703528647134   10    3    4    1
 2.041104018467116e-13   10    3    4    2
 -0.0587411590920345   10    3    4    3
 2.004444589163991e-15   10    3    5    5
 2.258482408968583e-15   10    3    6    6
 -1.929341074716799e-13   10    3    7    1
 0.01080999589551529   10    3    7    2
 0.05789789754194209   10    3    7    4
 1.817231275881112e-15   10    3    7    7
 -0.06669079621879007   10    3    8    5
 0.07755639029203552   10    3    8    6
 -1.314761132733555e-15   10    3    8    8
 -0.07755639029203561   10    3    9    5
 -0.06669079621879005   10    3    9    6
 -1.537188956602493e-15   10    3    9    9
 0.00576841661428333   10    3   10    1
 1.027397481883162e-13   10    3   10    2
 0.1067053355629305   10    3   10    3
 -1.122645203895579e-15   10    3   10    4
 0.05850931347847491   10    3   10    7
 -0.04843381496212834   10    4    1    1
 -1.771525549142807e-15   10    4    2    1
 -0.04850699737062715   10    4    2    2
 -0.002940085423581856   10    4    3    1
 -5.231259156668433e-14   10    4    3    2
 -0.07308182412362846   10    4    3    3
 1.329666791488223e-13   10    4    4    1
 -0.007450620102672368   10    4    4    2
 1.46539513758002e-15   10    4    4    3
 0.02018521073732008   10    4    4    4
 -0.04149746312883984   10    4    5    5
 -0.04149746312883981   10    4    6    6
 -0.01215608687339747   10    4    7    1
 -2.172116203296431e-13   10    4    7    2
 -0.02897008429106095   10    4    7    3
 -2.383882085829978e-15   10    4    7    4
 0.02786584662171868   10    4    7    7
 -1.10858584890097e-15   10    4    8    6
 -0.02816635551512393   10    4    8    8
 1.0824718030366e-15   10    4    9    5
 -0.02816635551512394   10    4    9    9
 2.444262050930276e-13   10    4   10    1
 -0.01370000438244252   10    4   10    2
 -1.097190618182428e-15   10    4   10    3
 0.04762669141516591   10    4   10    4
 -1.404876444494675e-15   10    4   10    7
 -0.04483025548207829   10    4   10   10
 -1.539848699188795e-13   10    5    5    1
 0.008647446464229281   10    5    5    2
 -0.02392541659218938   10    5    5    4
 -0.006502307512260451   10    5    8    1
 -1.161196626129886e-13   10    5    8    2
 -0.02224717910190228   10    5    8    3
 0.003098579610379213   10    5    8    7
 -0.007561695583379793   10    5    9    1
 -1.350283621965564e-13   10    5    9    2
 -0.02587179945585683   10    5    9    3
 0.003603415512166365   10    5    9    7
 0.0354972977788981   10    5   10    5
 1.342856567197701e-15   10    6    2    1
 -1.539574037592696e-13   10    6    6    1
 0.008647446464229274   10    6    6    2
 -0.02392541659218936   10    6    6    4
 0.007561695583379787   10    6    8    1
 1.350361911299416e-13   10    6    8    2
 0.0258717994558568   10    6    8    3
 -0.003603415512166359   10    6    8    7
 -0.006502307512260449   10    6    9    1
 -1.161213566788831e-13   10    6    9    2
 -0.02224717910190227   10    6    9    3
 0.003098579610379211   10    6    9    7
 0.03549729777889808   10    6   10    6
 -6.848340214477542e-12   10    7    1    1
 0.1919025763102228   10    7    2    1
 6.846916076445756e-12   10    7    2    2
 1.238953639481456e-13   10    7    3    1
 -0.006931463645367163   10    7    3    2
 0.00167050062336481   10    7    4    1
 2.878581216304213e-14   10    7    4    2
 -0.05343754682111006   10    7    4    3
 -2.959845813556492e-15   10    7    4    4
 1.340701040359944e-15   10    7    5    5
 1.565688301883618e-15   10    7    6    6
 6.130691235782158e-14   10    7    7    1
 -0.003463161950819115   10    7    7    2
 0.1240040503308823   10    7    7    4
 2.730586270487963e-15   10    7    7    7
 -0.0592922869521404   10    7    8    5
 0.06895247933585091   10    7    8    6
 -1.42259824364029e-15   10    7    8    8
 -0.068952479335851   10    7    9    5
 -0.05929228695214039   10    7    9    6
 -1.624142472863241e-15   10    7    9    9
 -0.009646413187425564   10    7   10    1
 -1.724991193686452e-13   10    7   10    2
 0.05850931347847486   10    7   10    3
 -1.33457461268774e-15   10    7   10    4
 0.09075686249559096   10    7   10    7
 -0.007323258637103519   10    8    5    1
 -1.308021745524677e-13   10    8    5    2
 -0.04055755201924999   10    8    5    3
 0.008516400122221018   10    8    6    1
 1.521117890491771e-13   10    8    6    2
 0.04716538880980169   10    8    6    3
 -5.194131836904498e-05   10    8    7    5
 6.040385462630671e-05   10    8    7    6
 -2.272915195150443e-13   10    8    8    1
 0.01274130437042393   10    8    8    2
 -0.03633330601470486   10    8    8    4
 0.04752509076337987   10    8   10    8
 -0.008516400122221029   10    9    5    1
 -1.521015370747736e-13   10    9    5    2
 -0.04716538880980174   10    9    5    3
 -0.007323258637103518   10    9    6    1
 -1.308045402514407e-13   10    9    6    2
 -0.04055755201924998   10    9    6    3
 -6.040385462630839e-05   10    9    7    5
 -5.194131836904567e-05   10    9    7    6
 -2.273133999552517e-13   10    9    9    1
 0.01274130437042393   10    9    9    2
 -0.03633330601470489   10    9    9    4
 0.04752509076337989   10    9   10    9
 0.8991450610968207   10   10    1    1
 -5.411688355022848e-15   10   10    2    1
 0.8992165456744884   10   10    2    2
 -0.005555397451373298   10   10    3    1
 -9.789990135944017e-14   10   10    3    2
 0.7267061021951782   10   10    3    3
 -3.790188142599576e-13   10   10    4    1
 0.02109955237474721   10   10    4    2
 0.5606171724795652   10   10    4    4
 0.6216799926105253   10   10    5    5
 0.621679992610525   10   10    6    6
 0.022937686081763   10   10    7    1
 4.057524395794045e-13   10   10    7    2
 0.08736549710933032   10   10    7    3
 -3.564477055501262e-15   10   10    7    4
 0.5950733227894129   10   10    7    7
 0.6230196477973011   10   10    8    8
 0.6230196477973016   10   10    9    9
 -2.383635963312985e-13   10   10   10    1
 0.01341084875735195   10   10   10    2
 -0.04483025548207817   10   10   10    4
 0.7616193425947985   10   10   10   10
 -27.58001226990343    1    1  0  0
 8.881784197001252e-14    2    1  0  0
 -27.57924368428831    2    2  0  0
 0.4644813560426473    3    1  0  0
 8.27221624533081e-12    3    2  0  0
 -9.576687631172533    3    3  0  0
 8.927802941371965e-12    4    1  0  0
 -0.4988412445456529    4    2  0  0
 -7.993605777301127e-15    4    3  0  0
 -7.686306988606361    4    4  0  0
 -1.370515095092985e-15    5    1  0  0
 -3.366131607262491e-15    5    3  0  0
 -8.079728157482371    5    5  0  0
 -1.852320645460436e-15    6    1  0  0
 -5.006983400190865e-15    6    3  0  0
 -1.002020815037656e-15    6    5  0  0
 -8.079728157482368    6    6  0  0
 -0.2640126550813536    7    1  0  0
 -4.673039732949746e-12    7    2  0  0
 -0.7118500738231751    7    3  0  0
 4.179989687713714e-14    7    4  0  0
 -5.35817958732199e-15    7    6  0  0
 -7.791548042302734    7    7  0  0
 -2.539180295486522e-15    8    2  0  0
 1.77635683940025e-15    8    5  0  0
 1.332267629550188e-15    8    6  0  0
 1.204448960209689e-15    8    7  0  0
 -7.84923335438311    8    8  0  0
 1.487218734554878e-15    9    2  0  0
 1.729057936113508e-15    9    3  0  0
 2.256672419173572e-15    9    4  0  0
 -6.883382752675971e-15    9    5  0  0
 2.356105548886915e-15    9    7  0  0
 -3.442325842531392e-15    9    8  0  0
 -7.849233354383115    9    9  0  0
 -4.149708354717063e-12   10    1  0  0
 0.2319787992150063   10    2  0  0
 -3.566591466608315e-15   10    3  0  0
 0.4185208335784921   10    4  0  0
 1.332267629550188e-15   10    7  0  0
 -8.317053732557348   10   10  0  0
 23.78870030741285  0  0  0  0